Частота (Гц)    ЭПР (м^2)
1.000000E+07    1.566954E-12
1.104523E+08    2.331438E-08
2.109045E+08    3.096849E-07
3.113568E+08    1.469072E-06
4.118090E+08    4.487532E-06
5.122613E+08    1.071966E-05
6.127136E+08    2.187770E-05
7.131658E+08    4.001621E-05
8.136181E+08    6.751009E-05
9.140704E+08    1.070220E-04
1.014523E+09    1.614524E-04
1.114975E+09    2.338641E-04
1.215427E+09    3.273666E-04
1.315879E+09    4.449482E-04
1.416332E+09    5.892379E-04
1.516784E+09    7.621873E-04
1.617236E+09    9.646704E-04
1.717688E+09    1.196022E-03
1.818141E+09    1.453567E-03
1.918593E+09    1.732225E-03
2.019045E+09    2.024324E-03
2.119497E+09    2.319742E-03
2.219950E+09    2.606468E-03
2.320402E+09    2.871597E-03
2.420854E+09    3.102611E-03
2.521307E+09    3.288717E-03
2.621759E+09    3.421951E-03
2.722211E+09    3.497821E-03
2.822663E+09    3.515396E-03
2.923116E+09    3.476912E-03
3.023568E+09    3.387058E-03
3.124020E+09    3.252150E-03
3.224472E+09    3.079371E-03
3.324925E+09    2.876174E-03
3.425377E+09    2.649875E-03
3.525829E+09    2.407440E-03
3.626281E+09    2.155406E-03
3.726734E+09    1.899897E-03
3.827186E+09    1.646682E-03
3.927638E+09    1.401246E-03
4.028090E+09    1.168836E-03
4.128543E+09    9.544633E-04
4.228995E+09    7.628568E-04
4.329447E+09    5.983582E-04
4.429899E+09    4.647649E-04
4.530352E+09    3.651372E-04
4.630804E+09    3.015900E-04
4.731256E+09    2.750996E-04
4.831709E+09    2.853571E-04
4.932161E+09    3.306947E-04
5.032613E+09    4.081073E-04
5.133065E+09    5.133736E-04
5.233518E+09    6.412679E-04
5.333970E+09    7.858412E-04
5.434422E+09    9.407385E-04
5.534874E+09    1.099520E-03
5.635327E+09    1.255956E-03
5.735779E+09    1.404273E-03
5.836231E+09    1.539342E-03
5.936683E+09    1.656811E-03
6.037136E+09    1.753176E-03
6.137588E+09    1.825815E-03
6.238040E+09    1.872997E-03
6.338492E+09    1.893857E-03
6.438945E+09    1.888374E-03
6.539397E+09    1.857336E-03
6.639849E+09    1.802295E-03
6.740302E+09    1.725524E-03
6.840754E+09    1.629950E-03
6.941206E+09    1.519085E-03
7.041658E+09    1.396924E-03
7.142111E+09    1.267823E-03
7.242563E+09    1.136358E-03
7.343015E+09    1.007158E-03
7.443467E+09    8.847298E-04
7.543920E+09    7.732750E-04
7.644372E+09    6.765184E-04
7.744824E+09    5.975571E-04
7.845276E+09    5.387398E-04
7.945729E+09    5.015862E-04
8.046181E+09    4.867489E-04
8.146633E+09    4.940196E-04
8.247085E+09    5.223733E-04
8.347538E+09    5.700470E-04
8.447990E+09    6.346415E-04
8.548442E+09    7.132413E-04
8.648894E+09    8.025419E-04
8.749347E+09    8.989809E-04
8.849799E+09    9.988660E-04
8.950251E+09    1.098499E-03
9.050704E+09    1.194292E-03
9.151156E+09    1.282877E-03
9.251608E+09    1.361207E-03
9.352060E+09    1.426645E-03
9.452513E+09    1.477046E-03
9.552965E+09    1.510825E-03
9.653417E+09    1.527006E-03
9.753869E+09    1.525258E-03
9.854322E+09    1.505901E-03
9.954774E+09    1.469900E-03
1.005523E+10    1.418820E-03
1.015568E+10    1.354764E-03
1.025613E+10    1.280291E-03
1.035658E+10    1.198305E-03
1.045704E+10    1.111938E-03
1.055749E+10    1.024421E-03
1.065794E+10    9.389566E-04
1.075839E+10    8.585961E-04
1.085884E+10    7.861261E-04
1.095930E+10    7.239727E-04
1.105975E+10    6.741228E-04
1.116020E+10    6.380671E-04
1.126065E+10    6.167626E-04
1.136111E+10    6.106163E-04
1.146156E+10    6.194875E-04
1.156201E+10    6.427081E-04
1.166246E+10    6.791180E-04
1.176291E+10    7.271157E-04
1.186337E+10    7.847207E-04
1.196382E+10    8.496468E-04
1.206427E+10    9.193847E-04
1.216472E+10    9.912917E-04
1.226518E+10    1.062685E-03
1.236563E+10    1.130939E-03
1.246608E+10    1.193579E-03
1.256653E+10    1.248369E-03
1.266698E+10    1.293396E-03
1.276744E+10    1.327137E-03
1.286789E+10    1.348508E-03
1.296834E+10    1.356909E-03
1.306879E+10    1.352228E-03
1.316925E+10    1.334845E-03
1.326970E+10    1.305605E-03
1.337015E+10    1.265776E-03
1.347060E+10    1.216992E-03
1.357106E+10    1.161184E-03
1.367151E+10    1.100502E-03
1.377196E+10    1.037228E-03
1.387241E+10    9.736937E-04
1.397286E+10    9.121944E-04
1.407332E+10    8.549076E-04
1.417377E+10    8.038195E-04
1.427422E+10    7.606587E-04
1.437467E+10    7.268403E-04
1.447513E+10    7.034216E-04
1.457558E+10    6.910702E-04
1.467603E+10    6.900456E-04
1.477648E+10    7.001950E-04
1.487693E+10    7.209629E-04
1.497739E+10    7.514155E-04
1.507784E+10    7.902784E-04
1.517829E+10    8.359859E-04
1.527874E+10    8.867425E-04
1.537920E+10    9.405913E-04
1.547965E+10    9.954893E-04
1.558010E+10    1.049385E-03
1.568055E+10    1.100293E-03
1.578101E+10    1.146373E-03
1.588146E+10    1.185990E-03
1.598191E+10    1.217777E-03
1.608236E+10    1.240675E-03
1.618281E+10    1.253974E-03
1.628327E+10    1.257325E-03
1.638372E+10    1.250751E-03
1.648417E+10    1.234635E-03
1.658462E+10    1.209701E-03
1.668508E+10    1.176983E-03
1.678553E+10    1.137778E-03
1.688598E+10    1.093600E-03
1.698643E+10    1.046120E-03
1.708688E+10    9.971034E-04
1.718734E+10    9.483474E-04
1.728779E+10    9.016156E-04
1.738824E+10    8.585753E-04
1.748869E+10    8.207381E-04
1.758915E+10    7.894073E-04
1.768960E+10    7.656323E-04
1.779005E+10    7.501732E-04
1.789050E+10    7.434753E-04
1.799095E+10    7.456570E-04
1.809141E+10    7.565082E-04
1.819186E+10    7.755027E-04
1.829231E+10    8.018213E-04
1.839276E+10    8.343864E-04
1.849322E+10    8.719057E-04
1.859367E+10    9.129233E-04
1.869412E+10    9.558761E-04
1.879457E+10    9.991531E-04
1.889503E+10    1.041156E-03
1.899548E+10    1.080355E-03
1.909593E+10    1.115349E-03
1.919638E+10    1.144907E-03
1.929683E+10    1.168018E-03
1.939729E+10    1.183916E-03
1.949774E+10    1.192109E-03
1.959819E+10    1.192394E-03
1.969864E+10    1.184855E-03
1.979910E+10    1.169861E-03
1.989955E+10    1.148047E-03
2.000000E+10    1.120288E-03